1 2 4 9 
2 2 7 9 
3 2 11 9 
4 2 14 9 
5 2 18 9 
6 2 21 9 
7 2 25 9 
8 2 28 9 
9 3 4 9 
10 3 7 9 
11 3 11 9 
12 3 14 9 
13 3 18 9 
14 3 21 9 
15 3 25 9 
16 3 28 9 
17 4 1 9 
18 4 4 9 
19 4 8 9 
20 4 11 9 
21 4 15 9 
22 4 18 9 
23 4 22 9 
24 4 25 9 
25 4 29 9 
26 5 2 9 
27 5 6 9 
28 5 9 9 
29 5 13 9 
30 5 16 9 
31 5 20 9 
32 5 23 9 
33 5 27 9 
34 5 30 9 
35 6 3 9 
36 6 6 9 
37 6 10 9 
38 6 13 9 
39 6 17 9 
40 6 20 9 
41 6 24 9 
42 6 27 9 
43 7 1 9 
44 7 4 9 
45 7 8 9 
46 7 11 9 
47 7 15 9 
48 7 18 9 
49 7 22 9 
50 7 25 9 
51 7 29 9 
52 8 1 9 
53 8 5 9 
54 8 8 9 
55 8 12 9 
56 8 15 9 
57 8 19 9 
58 8 22 9 
59 8 26 9 
60 8 29 9 
61 9 2 9 
62 9 5 9 
63 9 9 9 
64 9 12 9 
65 9 16 9 
66 9 19 9 
67 9 23 9 
68 9 26 9 
69 9 30 9 
70 10 3 9 
71 10 7 9 
72 10 10 9 
73 10 14 9 
74 10 17 9 
75 10 21 9 
76 10 24 9 
77 10 28 9 
78 10 31 9 
79 11 4 9 
80 11 7 9 
81 11 11 9 
82 11 14 9 
83 11 18 9 
84 11 21 9 
85 11 25 9 
86 11 28 9 
87 12 2 9 
88 12 5 9 
89 12 9 9 
90 12 12 9 
91 12 16 9 
92 12 19 9 
93 12 23 9 
94 12 26 9 
95 12 30 9 
96 1 2 10 
97 1 6 10 
98 1 9 10 
99 1 13 10 
100 1 16 10 
101 1 20 10 
102 1 23 10 
103 1 27 10 
104 1 30 10 
105 2 3 10 
106 2 6 10 
107 2 10 10 
108 2 13 10 
109 2 17 10 
110 2 20 10 
111 2 24 10 
112 2 27 10 
113 3 3 10 
114 3 6 10 
115 3 10 10 
116 3 13 10 
117 3 17 10 
118 3 20 10 
119 3 24 10 
120 3 27 10 
121 3 31 10 
122 4 3 10 
123 4 7 10 
124 4 10 10 
125 4 14 10 
126 4 17 10 
127 4 21 10 
128 4 24 10 
129 4 28 10 
130 5 1 10 
131 5 5 10 
132 5 8 10 
133 5 12 10 
134 5 15 10 
135 5 19 10 
136 5 22 10 
137 5 26 10 
138 5 29 10 
139 6 2 10 
140 6 5 10 
141 6 9 10 
142 6 12 10 
143 6 16 10 
144 6 19 10 
145 6 23 10 
146 6 26 10 
147 6 30 10 
148 7 3 10 
149 7 7 10 
150 7 10 10 
151 7 14 10 
152 7 17 10 
153 7 21 10 
154 7 24 10 
155 7 28 10 
156 7 31 10 
157 8 4 10 
158 8 7 10 
159 8 11 10 
160 8 14 10 
161 8 18 10 
162 8 21 10 
163 8 25 10 
164 8 28 10 
165 9 1 10 
166 9 4 10 
167 9 8 10 
168 9 11 10 
169 9 15 10 
170 9 18 10 
171 9 22 10 
172 9 25 10 
173 9 29 10 
174 10 2 10 
175 10 6 10 
176 10 9 10 
177 10 13 10 
178 10 16 10 
179 10 20 10 
180 10 23 10 
181 10 27 10 
182 10 30 10 
183 11 3 10 
184 11 6 10 
185 11 10 10 
186 11 13 10 
187 11 17 10 
188 11 20 10 
189 11 24 10 
190 11 27 10 
191 12 1 10 
192 12 4 10 
193 12 8 10 
194 12 11 10 
195 12 15 10 
196 12 18 10 
197 12 22 10 
198 12 25 10 
199 12 29 10 
200 1 1 11 
201 1 5 11 
202 1 8 11 
203 1 12 11 
204 1 15 11 
205 1 19 11 
206 1 22 11 
207 1 26 11 
208 1 29 11 
209 2 2 11 
210 2 5 11 
211 2 9 11 
212 2 12 11 
213 2 16 11 
214 2 19 11 
215 2 23 11 
216 2 26 11 
217 3 2 11 
218 3 5 11 
219 3 9 11 
220 3 12 11 
221 3 16 11 
222 3 19 11 
223 3 23 11 
224 3 26 11 
225 3 30 11 
226 4 2 11 
227 4 6 11 
228 4 9 11 
229 4 13 11 
230 4 16 11 
231 4 20 11 
232 4 23 11 
233 4 27 11 
234 4 30 11 
235 5 4 11 
236 5 7 11 
237 5 11 11 
238 5 14 11 
239 5 18 11 
240 5 21 11 
241 5 25 11 
242 5 28 11 
243 6 1 11 
244 6 4 11 
245 6 8 11 
246 6 11 11 
247 6 15 11 
248 6 18 11 
249 6 22 11 
250 6 25 11 
251 6 29 11 
252 7 2 11 
253 7 6 11 
254 7 9 11 
255 7 13 11 
256 7 16 11 
257 7 20 11 
258 7 23 11 
259 7 27 11 
260 7 30 11 
261 8 3 11 
262 8 6 11 
263 8 10 11 
264 8 13 11 
265 8 17 11 
266 8 20 11 
267 8 24 11 
268 8 27 11 
269 8 31 11 
270 9 3 11 
271 9 7 11 
272 9 10 11 
273 9 14 11 
274 9 17 11 
275 9 21 11 
276 9 24 11 
277 9 28 11 
278 10 1 11 
279 10 5 11 
280 10 8 11 
281 10 12 11 
282 10 15 11 
283 10 19 11 
284 10 22 11 
285 10 26 11 
286 10 29 11 
287 11 2 11 
288 11 5 11 
289 11 9 11 
290 11 12 11 
291 11 16 11 
292 11 19 11 
293 11 23 11 
294 11 26 11 
295 11 30 11 
296 12 3 11 
297 12 7 11 
298 12 10 11 
299 12 14 11 
300 12 17 11 
301 12 21 11 
302 12 24 11 
303 12 28 11 
304 12 31 11 
305 1 4 12 
306 1 7 12 
307 1 11 12 
308 1 14 12 
309 1 18 12 
310 1 21 12 
311 1 25 12 
312 1 28 12 
313 2 1 12 
314 2 4 12 
315 2 8 12 
316 2 11 12 
317 2 15 12 
318 2 18 12 
319 2 22 12 
320 2 25 12 
321 2 29 12 
322 3 3 12 
323 3 7 12 
324 3 10 12 
325 3 14 12 
326 3 17 12 
327 3 21 12 
328 3 24 12 
329 3 28 12 
330 3 31 12 
331 4 4 12 
332 4 7 12 
333 4 11 12 
334 4 14 12 
335 4 18 12 
336 4 21 12 
337 4 25 12 
338 4 28 12 
339 5 2 12 
340 5 5 12 
341 5 9 12 
342 5 12 12 
343 5 16 12 
344 5 19 12 
345 5 23 12 
346 5 26 12 
347 5 30 12 
348 6 2 12 
349 6 6 12 
350 6 9 12 
351 6 13 12 
352 6 16 12 
353 6 20 12 
354 6 23 12 
355 6 27 12 
356 6 30 12 
357 7 4 12 
358 7 7 12 
359 7 11 12 
360 7 14 12 
361 7 18 12 
362 7 21 12 
363 7 25 12 
364 7 28 12 
365 8 1 12 
366 8 4 12 
367 8 8 12 
368 8 11 12 
369 8 15 12 
370 8 18 12 
371 8 22 12 
372 8 25 12 
373 8 29 12 
374 9 1 12 
375 9 5 12 
376 9 8 12 
377 9 12 12 
378 9 15 12 
379 9 19 12 
380 9 22 12 
381 9 26 12 
382 9 29 12 
383 10 3 12 
384 10 6 12 
385 10 10 12 
386 10 13 12 
387 10 17 12 
388 10 20 12 
389 10 24 12 
390 10 27 12 
391 10 31 12 
392 11 3 12 
393 11 7 12 
394 11 10 12 
395 11 14 12 
396 11 17 12 
397 11 21 12 
398 11 24 12 
399 11 28 12 
400 12 1 12 
401 12 5 12 
402 12 8 12 
403 12 12 12 
404 12 15 12 
405 12 19 12 
406 12 22 12 
407 12 26 12 
408 12 29 12 
409 1 2 13 
410 1 5 13 
411 1 9 13 
412 1 12 13 
413 1 16 13 
414 1 19 13 
415 1 23 13 
416 1 26 13 
417 1 30 13 
418 2 2 13 
419 2 6 13 
420 2 9 13 
421 2 13 13 
422 2 16 13 
423 2 20 13 
424 2 23 13 
425 2 27 13 
426 3 2 13 
427 3 6 13 
428 3 9 13 
429 3 13 13 
430 3 16 13 
431 3 20 13 
432 3 23 13 
433 3 27 13 
434 3 30 13 
435 4 3 13 
436 4 6 13 
437 4 10 13 
438 4 13 13 
439 4 17 13 
440 4 20 13 
441 4 24 13 
442 4 27 13 
443 5 1 13 
444 5 4 13 
445 5 8 13 
446 5 11 13 
447 5 15 13 
448 5 18 13 
449 5 22 13 
450 5 25 13 
451 5 29 13 
452 6 1 13 
453 6 5 13 
454 6 8 13 
455 6 12 13 
456 6 15 13 
457 6 19 13 
458 6 22 13 
459 6 26 13 
460 6 29 13 
461 7 3 13 
462 7 6 13 
463 7 10 13 
464 7 13 13 
465 7 17 13 
466 7 20 13 
467 7 24 13 
468 7 27 13 
469 7 31 13 
470 8 3 13 
471 8 7 13 
472 8 10 13 
473 8 14 13 
474 8 17 13 
475 8 21 13 
476 8 24 13 
477 8 28 13 
478 8 31 13 
479 9 4 13 
480 9 7 13 
481 9 11 13 
482 9 14 13 
483 9 18 13 
484 9 21 13 
485 9 25 13 
486 9 28 13 
487 10 2 13 
488 10 5 13 
489 10 9 13 
490 10 12 13 
491 10 16 13 
492 10 19 13 
493 10 23 13 
494 10 26 13 
495 10 30 13 
496 11 2 13 
497 11 6 13 
498 11 9 13 
499 11 13 13 
500 11 16 13 
501 11 20 13 
502 11 23 13 
503 11 27 13 
504 11 30 13 
505 12 4 13 
506 12 7 13 
507 12 11 13 
508 12 14 13 
509 12 18 13 
510 12 21 13 
511 12 25 13 
512 12 28 13 
513 1 1 14 
514 1 4 14 
515 1 8 14 
516 1 11 14 
517 1 15 14 
518 1 18 14 
519 1 22 14 
520 1 25 14 
521 1 29 14 
522 2 1 14 
523 2 5 14 
524 2 8 14 
525 2 12 14 
526 2 15 14 
527 2 19 14 
528 2 22 14 
529 2 26 14 
530 3 1 14 
531 3 5 14 
532 3 8 14 
533 3 12 14 
534 3 15 14 
535 3 19 14 
536 3 22 14 
537 3 26 14 
538 3 29 14 
539 4 2 14 
540 4 5 14 
541 4 9 14 
542 4 12 14 
543 4 16 14 
544 4 19 14 
545 4 23 14 
546 4 26 14 
547 4 30 14 
548 5 3 14 
549 5 7 14 
550 5 10 14 
551 5 14 14 
552 5 17 14 
553 5 21 14 
554 5 24 14 
555 5 28 14 
556 5 31 14 
557 6 4 14 
558 6 7 14 
559 6 11 14 
560 6 14 14 
561 6 18 14 
562 6 21 14 
563 6 25 14 
564 6 28 14 
565 7 2 14 
566 7 5 14 
567 7 9 14 
568 7 12 14 
569 7 16 14 
570 7 19 14 
571 7 23 14 
572 7 26 14 
573 7 30 14 
574 8 2 14 
575 8 6 14 
576 8 9 14 
577 8 13 14 
578 8 16 14 
579 8 20 14 
580 8 23 14 
581 8 27 14 
582 8 30 14 
583 9 3 14 
584 9 6 14 
585 9 10 14 
586 9 13 14 
587 9 17 14 
588 9 20 14 
589 9 24 14 
590 9 27 14 
591 10 1 14 
592 10 4 14 
593 10 8 14 
594 10 11 14 
595 10 15 14 
596 10 18 14 
597 10 22 14 
598 10 25 14 
599 10 29 14 
600 11 1 14 
601 11 5 14 
602 11 8 14 
603 11 12 14 
604 11 15 14 
605 11 19 14 
606 11 22 14 
607 11 26 14 
608 11 29 14 
609 12 3 14 
610 12 6 14 
611 12 10 14 
612 12 13 14 
613 12 17 14 
614 12 20 14 
615 12 24 14 
616 12 27 14 
617 12 31 14 
618 1 3 15 
619 1 7 15 
620 1 10 15 
621 1 14 15 
622 1 17 15 
623 1 21 15 
624 1 24 15 
625 1 28 15 
626 1 31 15 
627 2 4 15 
628 2 7 15 
629 2 11 15 
630 2 14 15 
631 2 18 15 
632 2 21 15 
633 2 25 15 
634 2 28 15 
635 3 4 15 
636 3 7 15 
637 3 11 15 
638 3 14 15 
639 3 18 15 
640 3 21 15 
641 3 25 15 
642 3 28 15 
643 4 1 15 
644 4 4 15 
645 4 8 15 
646 4 11 15 
647 4 15 15 
648 4 18 15 
649 4 22 15 
650 4 25 15 
651 4 29 15 
652 5 2 15 
653 5 6 15 
654 5 9 15 
655 5 13 15 
656 5 16 15 
657 5 20 15 
658 5 23 15 
659 5 27 15 
660 5 30 15 
661 6 3 15 
662 6 6 15 
663 6 10 15 
664 6 13 15 
665 6 17 15 
666 6 20 15 
667 6 24 15 
668 6 27 15 
669 7 1 15 
670 7 4 15 
671 7 8 15 
672 7 11 15 
673 7 15 15 
674 7 18 15 
675 7 22 15 
676 7 25 15 
677 7 29 15 
678 8 1 15 
679 8 5 15 
680 8 8 15 
681 8 12 15 
682 8 15 15 
683 8 19 15 
684 8 22 15 
685 8 26 15 
686 8 29 15 
687 9 2 15 
688 9 5 15 
689 9 9 15 
690 9 12 15 
691 9 16 15 
692 9 19 15 
693 9 23 15 
694 9 26 15 
695 9 30 15 
696 10 3 15 
697 10 7 15 
698 10 10 15 
699 10 14 15 
700 10 17 15 
701 10 21 15 
702 10 24 15 
703 10 28 15 
704 10 31 15 
705 11 4 15 
706 11 7 15 
707 11 11 15 
708 11 14 15 
709 11 18 15 
710 11 21 15 
711 11 25 15 
712 11 28 15 
713 12 2 15 
714 12 5 15 
715 12 9 15 
716 12 12 15 
717 12 16 15 
718 12 19 15 
719 12 23 15 
720 12 26 15 
721 12 30 15 
722 1 2 16 
723 1 6 16 
724 1 9 16 
725 1 13 16 
726 1 16 16 
727 1 20 16 
728 1 23 16 
