1 1.7857144
2 1.717033
3 1.5796704
4 1.6941392
5 1.9917583
6 1.7628206
7 2.1062272
8 1.9001832
9 1.717033
10 1.923077
11 2.037546
12 1.9459708
13 1.9917583
14 2.014652
15 1.7628206
16 1.9917583
17 1.8772894
18 1.8086082
19 1.923077
20 2.1520147
21 1.5796704
22 2.014652
23 2.0833335
24 1.7399268
25 1.717033
26 1.717033
27 1.831502
28 1.8086082
29 1.9459708
30 1.923077
31 1.625458
32 2.0833335
33 1.6941392
34 1.625458
35 1.4652015
36 1.6483518
37 1.5109891
38 1.5109891
39 1.7857144
40 1.3965201
41 1.7628206
42 1.3507326
43 1.1675824
44 1.3736264
45 1.5567765
46 1.3278389
47 1.3965201
48 1.3736264
49 1.6025642
50 1.3736264
51 1.4423077
52 1.6025642
53 1.2820513
54 1.4880953
55 1.3278389
56 1.3507326
57 1.3278389
58 1.3736264
59 1.4652015
60 0.022893773
61 0.045787547
62 0.09157509
63 0.06868132
64 0.09157509
65 0.045787547
66 0.045787547
67 0.045787547
68 0.09157509
69 0.11446887
